Linear Regression: 
cv_scores: 0.88
r2_score: 0.89
mae: 1718.953325301943 
mse: 5778053.174368884 
rmse: 2403.758135580384

Ridge Regression:
cv_scores:
r2_score: 0.8929310388692202 
mae: 1717.2700656416691 
mse: 5778252.77926717 
rmse: 2403.799654560914

Lasso regression
cv_scores:
r2_score: 0.8929400522430841 
 mae: 1716.842396306086 
 mse: 5777766.349287553 
 rmse: 2403.6984730384866